coefficient tensor:
[[[0.     0.     0.     0.     0.    ]
  [0.2045 0.     0.     0.     0.    ]
  [0.1512 0.2237 0.     0.     0.    ]
  [0.1215 0.1777 0.2242 0.     0.    ]
  [0.0231 0.0329 0.0404 0.0468 0.    ]]

 [[0.     0.     0.     0.     0.    ]
  [0.1023 0.     0.     0.     0.    ]
  [0.0756 0.1118 0.     0.     0.    ]
  [0.0608 0.0889 0.1121 0.     0.    ]
  [0.0116 0.0164 0.0202 0.0234 0.    ]]

 [[0.     0.     0.     0.     0.    ]
  [0.0682 0.     0.     0.     0.    ]
  [0.0504 0.0746 0.     0.     0.    ]
  [0.0405 0.0592 0.0747 0.     0.    ]
  [0.0077 0.011  0.0135 0.0156 0.    ]]

 [[0.     0.     0.     0.     0.    ]
  [0.0511 0.     0.     0.     0.    ]
  [0.0378 0.0559 0.     0.     0.    ]
  [0.0304 0.0444 0.056  0.     0.    ]
  [0.0058 0.0082 0.0101 0.0117 0.    ]]

 [[0.     0.     0.     0.     0.    ]
  [0.0409 0.     0.     0.     0.    ]
  [0.0302 0.0447 0.     0.     0.    ]
  [0.0243 0.0355 0.0448 0.     0.    ]
  [0.0046 0.0066 0.0081 0.0094 0.    ]]

 [[0.     0.     0.     0.     0.    ]
  [0.0341 0.     0.     0.     0.    ]
  [0.0252 0.0373 0.     0.     0.    ]
  [0.0203 0.0296 0.0374 0.     0.    ]
  [0.0039 0.0055 0.0067 0.0078 0.    ]]

 [[0.     0.     0.     0.     0.    ]
  [0.0292 0.     0.     0.     0.    ]
  [0.0216 0.032  0.     0.     0.    ]
  [0.0174 0.0254 0.032  0.     0.    ]
  [0.0033 0.0047 0.0058 0.0067 0.    ]]]
causal influence tensor:
[[[0 0 0 0 0]
  [1 0 0 0 0]
  [1 1 0 0 0]
  [1 1 1 0 0]
  [1 1 1 1 0]]

 [[0 0 0 0 0]
  [1 0 0 0 0]
  [1 1 0 0 0]
  [1 1 1 0 0]
  [1 1 1 1 0]]

 [[0 0 0 0 0]
  [1 0 0 0 0]
  [1 1 0 0 0]
  [1 1 1 0 0]
  [1 1 1 1 0]]

 [[0 0 0 0 0]
  [1 0 0 0 0]
  [1 1 0 0 0]
  [1 1 1 0 0]
  [1 1 1 1 0]]

 [[0 0 0 0 0]
  [1 0 0 0 0]
  [1 1 0 0 0]
  [1 1 1 0 0]
  [1 1 1 1 0]]

 [[0 0 0 0 0]
  [1 0 0 0 0]
  [1 1 0 0 0]
  [1 1 1 0 0]
  [1 1 1 1 0]]

 [[0 0 0 0 0]
  [1 0 0 0 0]
  [1 1 0 0 0]
  [1 1 1 0 0]
  [1 1 1 1 0]]]
decay basis:
0.6591793009335674
decay strength:
1
decay velocity:
[0.6592 0.3296 0.2197 0.1648 0.1318 0.1099 0.0942]
number of structural breaks:
0
time series with structural breaks:
[]
break point tensor:
[]
trend:
[0.02 0.02 0.02 0.02 0.02]
constant:
[0. 0. 0. 0. 0.]
error covariance tensor:
[[[0.0799 0.     0.     0.     0.    ]
  [0.     0.6058 0.     0.     0.    ]
  [0.     0.     1.5337 0.     0.    ]
  [0.     0.     0.     0.0153 0.    ]
  [0.     0.     0.     0.     0.4763]]]
error mean:
[[[0.]
  [0.]
  [0.]
  [0.]
  [0.]]]
