coefficient tensor:
[[[0.     0.     0.     0.     0.    ]
  [0.2462 0.     0.     0.     0.    ]
  [0.2523 0.3986 0.     0.     0.    ]
  [0.2068 0.315  0.4199 0.     0.    ]
  [0.1313 0.1927 0.244  0.2911 0.    ]]

 [[0.     0.     0.     0.     0.    ]
  [0.1231 0.     0.     0.     0.    ]
  [0.1262 0.1993 0.     0.     0.    ]
  [0.1034 0.1575 0.2099 0.     0.    ]
  [0.0656 0.0963 0.122  0.1455 0.    ]]

 [[0.     0.     0.     0.     0.    ]
  [0.0821 0.     0.     0.     0.    ]
  [0.0841 0.1329 0.     0.     0.    ]
  [0.0689 0.105  0.14   0.     0.    ]
  [0.0438 0.0642 0.0813 0.097  0.    ]]

 [[0.     0.     0.     0.     0.    ]
  [0.0615 0.     0.     0.     0.    ]
  [0.0631 0.0996 0.     0.     0.    ]
  [0.0517 0.0788 0.105  0.     0.    ]
  [0.0328 0.0482 0.061  0.0728 0.    ]]

 [[0.     0.     0.     0.     0.    ]
  [0.0492 0.     0.     0.     0.    ]
  [0.0505 0.0797 0.     0.     0.    ]
  [0.0414 0.063  0.084  0.     0.    ]
  [0.0263 0.0385 0.0488 0.0582 0.    ]]

 [[0.     0.     0.     0.     0.    ]
  [0.041  0.     0.     0.     0.    ]
  [0.0421 0.0664 0.     0.     0.    ]
  [0.0345 0.0525 0.07   0.     0.    ]
  [0.0219 0.0321 0.0407 0.0485 0.    ]]

 [[0.     0.     0.     0.     0.    ]
  [0.0352 0.     0.     0.     0.    ]
  [0.036  0.0569 0.     0.     0.    ]
  [0.0295 0.045  0.06   0.     0.    ]
  [0.0188 0.0275 0.0349 0.0416 0.    ]]]
causal influence tensor:
[[[0 0 0 0 0]
  [1 0 0 0 0]
  [1 1 0 0 0]
  [1 1 1 0 0]
  [1 1 1 1 0]]

 [[0 0 0 0 0]
  [1 0 0 0 0]
  [1 1 0 0 0]
  [1 1 1 0 0]
  [1 1 1 1 0]]

 [[0 0 0 0 0]
  [1 0 0 0 0]
  [1 1 0 0 0]
  [1 1 1 0 0]
  [1 1 1 1 0]]

 [[0 0 0 0 0]
  [1 0 0 0 0]
  [1 1 0 0 0]
  [1 1 1 0 0]
  [1 1 1 1 0]]

 [[0 0 0 0 0]
  [1 0 0 0 0]
  [1 1 0 0 0]
  [1 1 1 0 0]
  [1 1 1 1 0]]

 [[0 0 0 0 0]
  [1 0 0 0 0]
  [1 1 0 0 0]
  [1 1 1 0 0]
  [1 1 1 1 0]]

 [[0 0 0 0 0]
  [1 0 0 0 0]
  [1 1 0 0 0]
  [1 1 1 0 0]
  [1 1 1 1 0]]]
decay basis:
0.6591793009335674
decay strength:
1
decay velocity:
[0.6592 0.3296 0.2197 0.1648 0.1318 0.1099 0.0942]
number of structural breaks:
0
time series with structural breaks:
[]
break point tensor:
[]
trend:
[0. 0. 0. 0. 0.]
constant:
[0. 0. 0. 0. 0.]
error covariance tensor:
[[[ 0.4763 -0.2407  0.3374  0.0589 -0.1875]
  [-0.2407  1.9785 -1.6661 -1.6949  0.5314]
  [ 0.3374 -1.6661  4.44    1.5445 -0.2342]
  [ 0.0589 -1.6949  1.5445  1.561  -0.2893]
  [-0.1875  0.5314 -0.2342 -0.2893  0.9065]]]
error mean:
[[[0.]
  [0.]
  [0.]
  [0.]
  [0.]]]
