coefficient tensor:
[[[0.     0.1032 0.2175 0.0866 0.2049]
  [0.     0.     0.     0.     0.    ]
  [0.0779 0.0061 0.     0.2415 0.    ]
  [0.2473 0.0734 0.0148 0.     0.0611]
  [0.0941 0.0961 0.     0.     0.0035]]

 [[0.0638 0.0516 0.     0.0433 0.1025]
  [0.0873 0.     0.     0.     0.0058]
  [0.0389 0.003  0.     0.1208 0.0672]
  [0.     0.0367 0.0074 0.0726 0.0306]
  [0.047  0.     0.     0.     0.    ]]

 [[0.0426 0.0344 0.0725 0.     0.0683]
  [0.     0.009  0.     0.0815 0.0039]
  [0.026  0.002  0.0827 0.     0.    ]
  [0.0824 0.     0.     0.     0.    ]
  [0.0314 0.     0.0771 0.     0.0012]]

 [[0.     0.     0.     0.0216 0.    ]
  [0.     0.     0.     0.     0.    ]
  [0.0195 0.     0.0621 0.     0.0336]
  [0.0618 0.0184 0.0037 0.     0.    ]
  [0.0235 0.024  0.0578 0.     0.0009]]

 [[0.     0.     0.     0.     0.041 ]
  [0.     0.0054 0.0126 0.     0.    ]
  [0.0156 0.     0.0496 0.     0.    ]
  [0.     0.     0.003  0.029  0.0122]
  [0.     0.0192 0.     0.     0.    ]]

 [[0.0213 0.     0.     0.0144 0.0342]
  [0.0291 0.0045 0.     0.     0.0019]
  [0.013  0.     0.     0.     0.    ]
  [0.0412 0.     0.0025 0.0242 0.    ]
  [0.     0.     0.0386 0.0319 0.0006]]

 [[0.0182 0.0147 0.     0.     0.    ]
  [0.     0.0038 0.009  0.0349 0.0017]
  [0.     0.0009 0.0355 0.0345 0.    ]
  [0.0353 0.0105 0.     0.     0.0087]
  [0.0134 0.     0.     0.0273 0.0005]]]
causal influence tensor:
[[[0 1 1 1 1]
  [0 0 0 0 0]
  [1 1 0 1 0]
  [1 1 1 0 1]
  [1 1 0 0 1]]

 [[1 1 0 1 1]
  [1 0 0 0 1]
  [1 1 0 1 1]
  [0 1 1 1 1]
  [1 0 0 0 0]]

 [[1 1 1 0 1]
  [0 1 0 1 1]
  [1 1 1 0 0]
  [1 0 0 0 0]
  [1 0 1 0 1]]

 [[0 0 0 1 0]
  [0 0 0 0 0]
  [1 0 1 0 1]
  [1 1 1 0 0]
  [1 1 1 0 1]]

 [[0 0 0 0 1]
  [0 1 1 0 0]
  [1 0 1 0 0]
  [0 0 1 1 1]
  [0 1 0 0 0]]

 [[1 0 0 1 1]
  [1 1 0 0 1]
  [1 0 0 0 0]
  [1 0 1 1 0]
  [0 0 1 1 1]]

 [[1 1 0 0 0]
  [0 1 1 1 1]
  [0 1 1 1 0]
  [1 1 0 0 1]
  [1 0 0 1 1]]]
decay basis:
0.25
decay strength:
1
decay velocity:
[0.25   0.125  0.0833 0.0625 0.05   0.0417 0.0357]
number of structural breaks:
0
time series with structural breaks:
[]
break point tensor:
[]
trend:
[0. 0. 0. 0. 0.]
constant:
[0. 0. 0. 0. 0.]
error covariance tensor:
[[[0.9849 0.     0.     0.     0.    ]
  [0.     0.7029 0.     0.     0.    ]
  [0.     0.     2.2931 0.     0.    ]
  [0.     0.     0.     1.5332 0.    ]
  [0.     0.     0.     0.     0.6865]]]
error mean:
[[[0.]
  [0.]
  [0.]
  [0.]
  [0.]]]
