coefficient tensor:
[[[-0.      0.2064  0.4349  0.1731  0.4098]
  [-0.     -0.     -0.     -0.      0.    ]
  [ 0.1557  0.0121 -0.     -0.4831 -0.    ]
  [ 0.4945 -0.1468  0.0297  0.     -0.1222]
  [-0.1882  0.1922  0.      0.      0.0071]]

 [[ 0.1277  0.1032  0.     -0.0866  0.2049]
  [ 0.1746  0.      0.     -0.      0.0117]
  [-0.0779  0.0061  0.     -0.2415 -0.1343]
  [ 0.     -0.0734 -0.0148 -0.1451 -0.0611]
  [-0.0941  0.     -0.      0.     -0.    ]]

 [[-0.0851 -0.0688 -0.145  -0.     -0.1366]
  [ 0.      0.018  -0.      0.163  -0.0078]
  [-0.0519  0.004  -0.1655  0.     -0.    ]
  [ 0.1648  0.      0.     -0.     -0.    ]
  [ 0.0627  0.     -0.1542  0.      0.0024]]

 [[-0.     -0.     -0.     -0.0433 -0.    ]
  [-0.     -0.     -0.      0.     -0.    ]
  [-0.0389 -0.      0.1241 -0.     -0.0672]
  [-0.1236  0.0367  0.0074  0.      0.    ]
  [-0.047  -0.0481 -0.1157  0.     -0.0018]]

 [[ 0.      0.     -0.     -0.      0.082 ]
  [-0.      0.0108  0.0251 -0.      0.    ]
  [ 0.0311  0.     -0.0993  0.     -0.    ]
  [-0.     -0.     -0.0059  0.0581  0.0244]
  [ 0.      0.0384 -0.     -0.     -0.    ]]

 [[-0.0426 -0.      0.     -0.0289 -0.0683]
  [-0.0582  0.009   0.      0.      0.0039]
  [-0.026  -0.     -0.     -0.      0.    ]
  [-0.0824  0.      0.0049 -0.0484  0.    ]
  [-0.      0.     -0.0771  0.0637 -0.0012]]

 [[ 0.0365 -0.0295 -0.      0.      0.    ]
  [ 0.     -0.0077 -0.0179  0.0699  0.0033]
  [ 0.      0.0017 -0.0709 -0.069  -0.    ]
  [-0.0706  0.021   0.      0.      0.0175]
  [-0.0269 -0.     -0.     -0.0546  0.001 ]]]
causal influence tensor:
[[[0 1 1 1 1]
  [0 0 0 0 0]
  [1 1 0 1 0]
  [1 1 1 0 1]
  [1 1 0 0 1]]

 [[1 1 0 1 1]
  [1 0 0 0 1]
  [1 1 0 1 1]
  [0 1 1 1 1]
  [1 0 0 0 0]]

 [[1 1 1 0 1]
  [0 1 0 1 1]
  [1 1 1 0 0]
  [1 0 0 0 0]
  [1 0 1 0 1]]

 [[0 0 0 1 0]
  [0 0 0 0 0]
  [1 0 1 0 1]
  [1 1 1 0 0]
  [1 1 1 0 1]]

 [[0 0 0 0 1]
  [0 1 1 0 0]
  [1 0 1 0 0]
  [0 0 1 1 1]
  [0 1 0 0 0]]

 [[1 0 0 1 1]
  [1 1 0 0 1]
  [1 0 0 0 0]
  [1 0 1 1 0]
  [0 0 1 1 1]]

 [[1 1 0 0 0]
  [0 1 1 1 1]
  [0 1 1 1 0]
  [1 1 0 0 1]
  [1 0 0 1 1]]]
decay basis:
0.5
decay strength:
1
decay velocity:
[0.5    0.25   0.1667 0.125  0.1    0.0833 0.0714]
number of structural breaks:
0
time series with structural breaks:
[]
break point tensor:
[]
trend:
[0. 0. 0. 0. 0.]
constant:
[0. 0. 0. 0. 0.]
error covariance tensor:
[[[0.0978 0.     0.     0.     0.    ]
  [0.     0.5151 0.     0.     0.    ]
  [0.     0.     0.4353 0.     0.    ]
  [0.     0.     0.     1.0482 0.    ]
  [0.     0.     0.     0.     2.8133]]]
error mean:
[[[0.]
  [0.]
  [0.]
  [0.]
  [0.]]]
